20260428090000
20260428091000
20260428092000
20260428093000
20260428100000
20260428111500
20260428112000
20260428112500
20260428123000
20260720095234
20260720100000
20260720104623
20260720110000
20260720144914
20260722021252
20260722022253
20260722034646
20260722034946
20260722043152
20260722064053
20260722152000
20260722160000
20260722170000
20260722180000
20260723061800
20260723082821
20260723100000
20260725022639
20260725090000
20260725100000
20260725103000
20260725110000
20260725120000
20260725155949
20260726072233
20260726073946
20260726074602
20260728080348
20260728141207
20260728141635
20260728152736
20260728154257
20260728155930
20260728161315
20260729052838
20260729062934
20260729064953
20260729073147
20260729073423
20260729082919
20260729083646
20260729083734
20260729084041
20260730062535
20260730063608
20260730064103
20260730104911
20260730113600
20260730152901
20260731093237
20260802094629
20260802153500
20260802154626
20260802160807
20260808011047
20260808011419
20260808080743
20260812000001
20260812000002
20260812000003
20260812000004
20260812000005
20260812000006
20260812000007
20260812000008
20260812000009
20260812000010
20260812000011
20260812000012
20260812000013
20260812000014
20260812000015
20260812024212
20260812025705
20260812035555
20260812035556
20260812063634
20260812081545
20260812100945
20260813030753
20260813031106
20260813070319
20260814023034
20260814074547
20260814080628
20260815031320
20260815033046
20260815154344
20260816075951
20260816075953
20260816081450
20260816081540
20260816094603
20260818091943
20260818093600
20260818110322
20260818144234
20260820025355
20260821100816
20260822041217
20260822041551
20260822042301
20260822043037
20260822064741
20260824094841
20260825014704
20260825074544
20260825074545
20260825095251
20260826031645
20260826063752
20260826080153
20260826084704
20260826094218
20260827062649
20260827143000
20260828083847
20260828084420
20260828085117
20260828085421
20260828090400
20260828090401
20260828091008
20260828091547
20260828091549
20260828091551
20260828094800
20260828101200
20260828103000
20260828104500
20260828104600
20260828104700
20260828104800
20260828104900
20260828105000
20260828105100
20260828105200
20260829013745
20260829022431
20260830081753
20260830081946
